Boring 2 5 2 2 3 7 11 1 9 1 2 2 10 2 5 2 10 15 2 0 0 2 10
Pigeon_Eye1 1 9 7 1 15 7 7 1 9 1 2 2 10 2 5 2 10 15 7 0 0 2 10
Pigeon_Eye2 1 9 7 1 15 7 7 1 9 1 1 7 15 3 4 2 10 15 7 0 0 2 10
Red_Stuff 4, 12, 2, 4, 4, 7, 12, 3, 11, 8,   4, 3, 11,3,4,   2,10,15, 12,0,0,   2, 7
Red_Hot 6 12 4 5 5 7 13 1 9 1 5 6 14 4 5 4 12 15 2 0 0 8 4
The_Blues 1 9 3 1 11 7 3 2 10 2 5 3 9 5 13 1 9 15 7 0 0 8 4
Cyan+Green 2 3 2 8 8 8 7 7 15 8 8 2 3 4 12 1 9 15 2 0 0 8 7
Bright_Stuff 8 7 15 9 3 7 11 6 14 3 9 3 11 3 4 1 9 11 7 0 0 4 7
Default 2 3 2 6 6 7 3 3 5 8 6 2 3 4 12 6 4 2 2 0 0 6 3
CompetitionDoors 14 15 11 10 8 3 9 4 14 12 9 14 12 3 12 7 9 15 10 0 0 9 15
Ayukawa 6 14 7 5 13 7 5 8 3 8 5 14 6 4 12 4 12 3 6 0 0 1 9
Lush 4 12 7 8 12 14 7 4 12 4 8 7 12 9 13 7 5 13 7 0 0 8 7
